0
6.28215E+15
1.25581E+16
1.88217E+16
2.50666E+16
3.12869E+16
3.74763E+16
4.36286E+16
4.97380E+16
5.57982E+16
6.18034E+16
6.77476E+16
7.36249E+16
7.94296E+16
8.51559E+16
9.07981E+16
9.63507E+16
1.01808E+17
1.07165E+17
1.12417E+17
1.17557E+17
1.22581E+17
1.27485E+17
1.32262E+17
1.36909E+17
1.41421E+17
1.45794E+17
1.50022E+17
1.54103E+17
1.58031E+17
1.61803E+17
1.65416E+17
1.68866E+17
1.72148E+17
1.75261E+17
1.78201E+17
1.80965E+17
1.83551E+17
1.85955E+17
1.88176E+17
1.90211E+17
1.92059E+17
1.93717E+17
1.95183E+17
1.96457E+17
1.97538E+17
1.98423E+17
1.99112E+17
1.99605E+17
1.99901E+17
2.00000E+17
1.99901E+17
1.99605E+17
1.99112E+17
1.98423E+17
1.97538E+17
1.96457E+17
1.95183E+17
1.93717E+17
1.92059E+17
1.90211E+17
1.88176E+17
1.85955E+17
1.83551E+17
1.80965E+17
1.78201E+17
1.75261E+17
1.72148E+17
1.68866E+17
1.65416E+17
1.61803E+17
1.58031E+17
1.54103E+17
1.50022E+17
1.45794E+17
1.41421E+17
1.36909E+17
1.32262E+17
1.27485E+17
1.22581E+17
1.17557E+17
1.12417E+17
1.07165E+17
1.01808E+17
9.63507E+16
9.07981E+16
8.51559E+16
7.94296E+16
7.36249E+16
6.77476E+16
6.18034E+16
5.57982E+16
4.97380E+16
4.36286E+16
3.74763E+16
3.12869E+16
2.50666E+16
1.88217E+16
1.25581E+16
6.28215E+15
0
